NavierStokes-V1.1
13
x_velocity
y_velocity
density
tracer
modgradrho
energy
mag_vel
mag_vort
diveru
avg_pressure
gradpx
gradpy
gradp
2
7.27603228912258e-08
0
-0.000912 -0.000912 
0.000912 0.000912 

((0,0) (383,383) (0,0)) 
15 
4.75e-06 4.75e-06 
0
0
0 9 7.27603228912258e-08
15
-0.000912 -0.000304
-0.000912 -0.000304
0.000304 0.000912
-0.000912 -0.000304
-0.000304 0.000304
-0.000912 -0.000304
-0.000912 -0.000304
0.000304 0.000912
-0.000912 -0.000304
-0.000304 0.000304
0.000304 0.000912
0.000304 0.000912
0.000304 0.000912
-0.000304 0.000304
-0.000304 0.000304
0.000304 0.000912
-0.000304 0.000304
-0.000304 0.000304
Level_0/Cell
