1
1
13
0
(9 0
((0,0) (127,127) (0,0))
((256,0) (383,127) (0,0))
((128,0) (255,127) (0,0))
((0,256) (127,383) (0,0))
((0,128) (127,255) (0,0))
((256,256) (383,383) (0,0))
((256,128) (383,255) (0,0))
((128,256) (255,383) (0,0))
((128,128) (255,255) (0,0))
)
9
FabOnDisk: Cell_D_00000 0
FabOnDisk: Cell_D_00000 1704021
FabOnDisk: Cell_D_00000 3408044
FabOnDisk: Cell_D_00000 5112067
FabOnDisk: Cell_D_00000 6816090
FabOnDisk: Cell_D_00000 8520113
FabOnDisk: Cell_D_00000 10224138
FabOnDisk: Cell_D_00000 11928163
FabOnDisk: Cell_D_00000 13632188

9,13
-1.7214071414144801e+01,-2.0796409769611522e+01,9.9999999999998646e-01,0.0000000000000000e+00,0.0000000000000000e+00,2.6672279783586852e-03,7.3037360006488236e-02,-2.7213318049558243e+06,-4.3432592096248423e+04,-3.0290440859546186e+02,-1.5128711605275095e+07,-1.7254056058992777e+07,5.3727129739968377e+03,
-1.9123500783856937e+01,-1.7684276461938875e+01,9.9999999999994349e-01,0.0000000000000000e+00,0.0000000000000000e+00,3.9966018791167427e-03,8.9404718881239811e-02,-2.6185940103332661e+06,-4.0561316799035849e+04,-3.2858499395810441e+02,-1.5287152697778076e+07,-1.9503032275248080e+07,4.8420397749627737e+03,
-1.9171569150649557e+01,-2.1054012320063574e+01,9.9999999999999256e-01,0.0000000000000000e+00,0.0000000000000000e+00,3.3310203188065871e-03,8.1621324649953919e-02,-2.7073776778041655e+06,-5.2274722850269296e+04,-2.7057893731606788e+02,-1.7415766220640186e+07,-1.5420421443804532e+07,2.0729304622588228e+04,
-1.8857140145394585e+01,-2.0052448442677751e+01,9.9999999999994538e-01,0.0000000000000000e+00,0.0000000000000000e+00,7.1122721974283608e-05,1.1926669440735213e-02,-2.0306017136017750e+06,-4.7038597270601604e+04,-2.8987358174200841e+02,-1.5453446328975294e+07,-1.7094941084703952e+07,9.2707356596111804e+03,
-2.2988772850958711e+01,-1.8242735445059477e+01,9.9999999999999056e-01,0.0000000000000000e+00,0.0000000000000000e+00,7.4874813291406336e-05,1.2237222993098257e-02,-2.4989741945995027e+06,-4.5247133985739260e+04,-3.3845130448320549e+02,-1.6650968373108711e+07,-1.4203532872969519e+07,7.9090758257909174e+03,
-1.8075069422590140e+01,-2.1114415058839857e+01,9.9999999999998823e-01,0.0000000000000000e+00,0.0000000000000000e+00,1.1376385241421316e-05,4.7699864237587377e-03,-2.5840937682861751e+06,-5.5886778578880796e+04,-2.0088112060378293e+02,-1.4613016895876260e+07,-1.3164932298056113e+07,1.5041884920079174e+04,
-1.8370909651190999e+01,-1.7463108784323889e+01,9.9999999999998213e-01,0.0000000000000000e+00,0.0000000000000000e+00,2.0482237049616219e-04,2.0239682334274034e-02,-2.6155794381589396e+06,-4.4049518862929574e+04,-3.4179879585761597e+02,-1.5134150051614648e+07,-1.5722945082850365e+07,1.3266872721384749e+04,
-1.7793802091204263e+01,-2.1135584385413843e+01,9.9999999999998435e-01,0.0000000000000000e+00,0.0000000000000000e+00,4.4149365360603822e-03,9.3967404306603913e-02,-2.1728124770394410e+06,-4.2529464965005107e+04,-2.5240399714556941e+02,-1.3011626042397255e+07,-1.3149213202154504e+07,8.0014462885695739e+03,
-1.8030849037724895e+01,-1.6423078383853809e+01,9.9999999999999989e-01,0.0000000000000000e+00,0.0000000000000000e+00,1.3807707545974534e-03,5.2550371161342972e-02,-2.3582129593040235e+06,-4.1467703566216049e+04,-2.9093777477973629e+02,-1.2347600689732257e+07,-1.5214710897171650e+07,1.1455998994667410e+04,

9,13
2.1252871952487485e+01,2.5506924363543220e+01,1.0000000000000109e+00,0.0000000000000000e+00,1.6511580649157095e-09,3.2541394434949660e+02,2.5511328634530056e+01,2.2993563105574856e+06,4.3014010975536890e+04,9.7295502824287070e+01,1.4291440451081296e+07,1.6898381492369171e+07,1.8036171043233711e+07,
2.1939911842444040e+01,2.4263728795873465e+01,1.0000000000000651e+00,0.0000000000000000e+00,1.0825828495913543e-08,3.0124417323221166e+02,2.4545638033353775e+01,2.2822344923715908e+06,4.3300998807943601e+04,1.0440514169363075e+02,1.5520810339031305e+07,1.7078069074199494e+07,2.0539365102004074e+07,
2.0749119926815645e+01,1.8967676717578797e+01,1.0000000000000124e+00,0.0000000000000000e+00,1.4498869865430378e-09,2.8559987092401059e+02,2.3899785393346551e+01,2.2486047836271720e+06,6.4156296535758214e+04,9.2741623164884160e+01,1.6696507904329235e+07,1.7597250639060050e+07,1.7954347189168729e+07,
2.0427186084578612e+01,1.9394652715599989e+01,1.0000000000000515e+00,0.0000000000000000e+00,9.1648325729008990e-09,2.6707040195499360e+02,2.3111486406330233e+01,2.5466263614578191e+06,4.3176535067160978e+04,1.2637098022911442e+02,1.4894535709379589e+07,1.2576959321717739e+07,1.8864028799562443e+07,
1.9417637282161213e+01,1.9634447438660448e+01,1.0000000000000113e+00,0.0000000000000000e+00,1.2863710476530168e-09,2.6775150051762358e+02,2.3140937773462145e+01,2.6814072490389878e+06,3.8500756228542770e+04,1.0487567516623170e+02,1.3203689985005219e+07,1.8921840948382042e+07,2.0501308139053509e+07,
2.0550046471193184e+01,2.0311383956140649e+01,1.0000000000000071e+00,0.0000000000000000e+00,1.4729236453391831e-09,2.4355488226575184e+02,2.2070563303447962e+01,2.4606624037841382e+06,4.4003305799640832e+04,1.2598454433872504e+02,1.5540264917506093e+07,1.7481725666168567e+07,1.7486481109714288e+07,
1.9323162703848507e+01,2.9782589292608037e+01,1.0000000000000031e+00,0.0000000000000000e+00,2.0690489318445664e-09,4.4414649349257553e+02,2.9804244445802532e+01,2.5938682260943679e+06,4.3291490723542192e+04,9.6460505094421535e+01,1.3806313885534644e+07,1.9825213018299878e+07,1.9825220944385748e+07,
1.8690274756780507e+01,2.4813256198164797e+01,1.0000000000000093e+00,0.0000000000000000e+00,1.6949135798054094e-09,3.1687273057373767e+02,2.5174301601980449e+01,2.2935428725990634e+06,4.2004462774381143e+04,1.0325586951769552e+02,1.1018061198784329e+07,1.4681881072258594e+07,1.4683571476959581e+07,
2.2693272916537794e+01,2.1115270187606978e+01,1.0000000000000000e+00,0.0000000000000000e+00,1.6527289038776581e-11,3.0501272460233673e+02,2.4698693269172633e+01,2.2288505431950302e+06,4.7272108131083711e+04,1.0362230662349245e+02,1.6504328817904066e+07,1.6699899754228622e+07,1.8244326615366358e+07,

