67 67 65
1.03125 1.03125 1
1 1 1
0
36000
72002
108004
144006
180008
216010
252012
288014
324016
360018
396020
432022
468024
504026
540028
576030
612032
648034
684036
720038
756040
792042
828044
864046
900048
936050
972052
1008054
1044056
1080058
1116060
1152062
1188064
1224066
1260068
1296070
1332072
1368074
1404076
1440078
1476080
1512082
1548084
1584086
1620088
1656090
1692092
1728094
1764096
1800098
1836100
1872102
1908104
1944106
1980108
2016108
2052108
2088108
2124108
2160108
2196108
2232108
2268108
2304108
2340108
2376108
2412110
2448112
2484114
2520116
2556118
2592120
2628122
2664124
2700126
2736128
2772130
2808132
2844134
2880136
2916138
2952140
2988142
3024144
3060146
3096148
3132150
3168152
3204154
3240156
3276158
3312160
3348162
3384164
3420166
3456168
3492170
3528172
3564174
3600176
3636178
3672180
3708182
3744184
3780186
3816188
3852190
3888192
3924194
3960196
3996198
4032200
4068202
4104204
4140206
4176208
4212210
4248212
4284214
4320216
4356216
4392216
4428216
4464216
4500216
4536216
4572216
4608216
4644216
4680216
4716216
4752218
4788220
4824222
4860224
4896226
4932228
4968230
5004232
5040234
5076236
5112238
5148240
5184242
5220244
5256246
5292248
5328250
5364252
5400254
5436256
5472258
5508260
5544262
5580264
5616266
5652268
5688270
5724272
5760274
5796276
5832278
5868280
5904282
5940284
5976286
6012288
6048290
6084292
6120294
6156296
6192298
6228300
6264302
6300304
6336306
6372308
6408310
6444312
6480314
6516316
6552318
6588320
6624322
6660324
6696324
6732324
6768324
6804324
6840324
6876324
6912324
6948324
6984324
